Multiple size <= 100
TEST 1 ARG:0 11 20 48 99 34 65 91 50 27 51 70 77 1 97 79 98 25 94 61 28 72 19 22 9 93 71 84 62 86 7 2 49 32 45 90 24 66 53 81 23 39 83 17 96 76 30 18 55 26 95 87 82 46 80 42 8 5 78 10 3 36 67 59 15 56 64 35 54 4 89 13 37 44 75 69 29 52 14 38 40 31 12 68 33 92 60 88 74 21 43 41 6 57 85 73 16 47 63 58
TEST 2 ARG:43 16 15 57 10 20 12 65 69 46 35 45 22 25 82 36 71 97 78 24 14 61 72 4 55 49 63 91 75 92 54 31 80 68 95 74 33 79 2 40 41 3 90 37 52 98 28 21 51 17 29 53 30 81 0 83 7 70 32 84 59 47 42 38 94 88 13 11 99 66 9 44 73 67 8 19 64 58 60 77 89 86 27 62 5 85 39 48 34 76 93 23 6 56 87 50 1 18 26 96
TEST 3 ARG:93 83 80 75 91 13 4 64 36 0 35 87 5 53 19 78 9 48 94 59 47 89 25 15 66 3 18 88 56 12 72 43 81 10 40 70 68 21 51 32 28 67 95 84 31 46 34 38 2 85 6 55 54 61 52 23 8 58 71 69 45 37 44 39 57 22 96 27 77 20 97 73 1 24 29 7 99 98 14 63 82 50 90 62 41 79 86 11 92 42 74 60 76 33 49 65 16 30 26 17
TEST 4 ARG:74 75 17 13 70 92 87 9 43 16 34 77 40 15 66 18 57 91 42 31 45 23 79 11 96 37 10 41 65 54 82 33 68 63 85 97 6 90 29 4 27 64 5 78 50 25 98 94 80 8 48 1 32 60 71 30 0 76 59 84 7 35 73 36 99 2 47 3 58 89 44 81 12 56 93 55 88 39 46 14 83 26 67 49 24 72 62 95 20 69 22 61 53 52 19 21 51 38 86 28
TEST 5 ARG:57 86 13 36 88 73 44 97 74 82 54 9 20 10 37 0 38 26 56 64 34 33 48 15 63 5 50 3 17 1 72 51 32 29 65 58 92 62 98 89 93 46 28 39 60 80 84 4 95 35 85 78 67 99 42 49 79 59 23 27 19 8 68 52 94 11 55 83 14 66 31 90 7 91 16 76 81 47 87 77 43 69 12 71 53 24 30 2 75 70 61 21 96 22 18 45 25 40 6 41
TEST 6 ARG:30 70 92 82 3 8 41 7 40 62 68 90 85 23 53 9 5 74 21 27 91 59 97 14 98 55 51 78 12 89 17 6 37 87 47 33 95 38 1 69 96 13 73 31 75 18 65 77 93 11 60 22 72 25 88 58 39 35 64 10 26 0 54 76 32 50 83 15 52 66 16 86 94 99 28 57 84 42 71 79 2 4 46 44 81 63 34 56 20 29 45 80 19 48 67 49 36 24 43 61
TEST 7 ARG:45 95 2 73 9 14 97 94 34 18 62 90 39 15 41 98 77 65 64 6 22 91 25 36 57 4 51 8 47 3 83 80 84 72 96 40 86 44 23 49 21 63 28 76 24 29 16 88 93 66 67 87 37 92 11 58 10 54 20 50 33 5 78 89 31 43 1 52 42 69 68 26 99 32 59 19 27 53 35 13 7 85 75 46 60 81 82 12 70 79 48 56 17 30 38 0 61 74 55 71
TEST 8 ARG:42 94 29 20 78 67 71 84 76 93 49 37 45 62 26 10 69 18 83 88 19 24 95 44 60 56 34 4 6 51 47 46 13 87 79 28 64 22 3 25 90 66 7 48 36 80 12 1 75 33 86 85 8 55 41 58 38 70 99 23 57 9 59 32 73 31 77 54 89 92 15 14 5 21 35 53 98 43 82 50 72 40 30 11 91 74 61 27 68 97 96 0 52 17 39 16 81 65 2 63
TEST 9 ARG:88 60 69 78 79 90 66 80 27 48 36 76 14 50 13 26 32 98 34 23 51 52 6 53 4 16 47 86 70 18 75 59 35 58 87 96 72 84 68 74 97 15 45 55 39 83 20 31 0 94 40 57 92 89 11 43 3 85 61 37 99 46 9 71 22 63 10 62 82 21 73 29 1 30 33 5 41 77 8 38 42 44 19 65 91 7 95 25 81 24 28 56 2 12 64 49 54 93 17 67
TEST 10 ARG:6 7 23 40 81 14 97 30 42 12 2 47 13 52 74 56 65 61 94 29 24 39 92 89 21 32 35 44 88 4 98 78 43 96 73 84 0 9 27 15 33 41 20 77 66 18 68 95 99 82 54 91 28 11 36 57 51 16 86 10 19 48 22 63 3 58 75 45 59 8 85 25 62 87 64 72 90 55 80 49 34 71 76 50 38 31 83 53 46 37 5 26 1 67 93 17 69 70 60 79
TEST 11 ARG:69 89 85 80 52 21 60 15 23 64 39 65 84 26 22 98 53 76 35 83 44 31 42 5 24 9 94 47 34 12 57 75 74 55 68 37 62 88 18 6 10 40 38 67 95 8 99 56 33 3 66 43 77 7 86 25 0 92 54 90 63 50 41 96 2 93 16 48 87 82 72 78 29 17 97 91 61 70 73 81 1 13 71 27 58 32 4 14 59 20 19 46 11 28 30 45 36 51 49 79
TEST 12 ARG:51 81 59 56 78 7 98 18 9 53 11 45 35 63 91 24 10 68 16 48 38 21 86 30 43 76 77 14 6 13 36 60 5 72 34 23 67 87 29 62 32 40 44 39 47 54 88 49 22 64 96 71 74 99 84 33 97 37 89 52 8 26 4 0 95 58 42 73 66 27 28 12 1 90 17 19 15 70 92 2 50 55 79 80 61 69 3 94 82 65 31 75 41 46 83 85 93 57 25 20
TEST 13 ARG:76 12 4 24 31 21 77 20 80 78 8 27 28 93 88 65 71 57 91 29 34 87 35 5 14 46 64 89 26 70 9 39 98 54 96 86 36 30 85 75 38 33 95 42 23 43 45 10 50 17 18 51 83 92 49 52 7 32 60 68 15 0 44 11 99 25 59 16 22 58 61 79 13 72 62 66 2 47 41 3 63 82 6 74 40 94 90 55 69 37 53 81 97 84 73 19 1 56 67 48
TEST 14 ARG:13 16 12 77 40 93 45 63 36 57 58 82 65 26 10 1 27 90 92 46 75 76 55 72 85 88 67 5 22 2 29 0 8 19 44 74 4 30 32 95 70 31 15 59 60 99 50 64 3 28 81 9 86 56 51 23 84 37 96 80 33 61 71 7 49 53 91 41 48 21 47 79 98 42 83 43 20 6 89 54 24 94 66 52 39 18 78 68 14 97 35 17 38 62 25 11 69 73 87 34
TEST 15 ARG:78 34 84 87 18 49 92 60 62 67 24 41 38 74 53 77 51 20 85 52 59 55 3 64 54 57 81 13 80 83 11 91 66 89 70 16 39 44 98 73 99 42 97 95 75 46 72 5 37 76 94 93 27 47 23 14 7 29 22 8 35 1 12 17 9 31 28 82 19 21 71 63 48 65 10 32 79 40 96 86 30 4 68 90 26 58 36 45 61 43 2 0 15 50 88 25 56 69 33 6
TEST 16 ARG:82 59 33 74 4 51 61 45 12 66 53 10 60 78 25 23 37 75 5 28 16 70 39 68 88 79 94 36 49 0 98 77 20 99 56 26 97 21 18 22 31 1 19 8 83 52 44 3 35 92 85 58 91 81 54 87 47 63 14 71 17 90 32 24 38 13 65 64 9 96 46 6 50 76 40 11 15 2 34 43 95 69 30 55 80 84 57 62 67 41 42 27 7 48 73 93 72 29 86 89
TEST 17 ARG:13 12 28 71 18 80 1 40 33 16 64 34 30 2 14 31 73 21 82 74 87 37 67 54 56 15 22 42 63 72 70 25 48 45 59 90 60 47 4 62 50 0 52 41 5 77 10 7 79 19 57 8 51 55 93 96 53 43 46 6 61 20 29 86 83 75 3 98 38 9 84 78 23 99 39 68 94 36 95 26 66 92 85 91 65 97 81 89 88 35 24 11 76 69 44 58 32 49 27 17
TEST 18 ARG:8 88 94 7 69 60 17 83 96 43 78 90 11 0 2 58 36 82 41 77 75 4 87 16 31 57 26 25 13 20 97 99 98 50 93 84 95 39 1 74 21 89 54 63 14 34 68 22 71 37 18 5 80 81 86 91 76 62 65 44 55 12 51 52 56 67 3 92 33 19 32 10 27 49 9 48 6 35 47 30 66 64 24 40 45 23 79 42 15 29 46 70 28 61 53 59 38 73 72 85
TEST 19 ARG:89 42 46 6 31 63 61 37 59 14 1 11 71 72 43 70 24 33 12 90 30 34 5 16 53 51 98 88 96 9 91 26 77 35 39 94 57 13 93 0 81 66 47 32 17 28 15 78 83 18 65 23 95 97 86 48 87 64 84 25 49 56 69 58 20 52 74 76 36 54 22 99 45 85 40 67 27 82 60 68 55 7 10 41 73 62 2 8 75 21 44 3 19 50 38 29 80 92 79 4
TEST 20 ARG:25 93 64 98 61 63 84 95 66 37 2 22 57 87 72 80 67 82 6 1 94 47 85 75 62 79 9 28 17 15 35 45 58 20 11 52 43 97 60 99 86 24 83 8 92 0 44 42 46 81 70 12 40 53 41 36 77 10 27 50 38 14 31 32 91 21 59 3 56 51 13 73 23 48 33 65 54 74 26 34 55 96 7 88 90 4 30 5 29 89 69 78 16 49 18 68 39 76 19 71
TEST 21 ARG:14 37 36 97 1 67 91 27 75 94 39 84 5 93 2 11 42 46 49 45 57 48 43 62 29 3 28 89 92 44 18 70 9 15 40 50 77 35 33 54 32 59 31 86 76 82 38 8 98 41 4 20 61 73 26 85 65 95 17 30 79 60 10 0 7 81 24 21 56 74 80 71 68 22 96 64 53 58 87 78 69 25 66 72 90 83 19 47 13 51 23 63 52 88 6 16 99 55 12 34
TEST 22 ARG:86 39 43 54 99 89 70 7 44 85 92 1 20 16 4 78 94 3 34 81 98 72 10 33 45 97 46 95 47 37 29 24 23 91 38 82 51 63 60 0 74 14 25 69 80 17 5 13 88 41 90 27 56 9 68 65 36 58 2 42 26 31 66 40 62 96 8 32 76 79 35 11 12 48 15 6 83 30 52 73 71 93 22 18 55 19 87 49 77 75 84 59 61 21 28 53 67 64 57 50
TEST 23 ARG:88 86 20 43 99 5 70 1 55 25 61 37 59 52 14 2 67 11 74 94 75 63 79 8 89 0 56 45 13 71 27 47 77 58 90 7 38 42 33 73 57 48 95 97 39 80 49 68 32 66 98 62 15 29 96 92 76 84 83 46 78 65 87 21 16 3 53 31 64 10 72 6 50 23 91 35 4 12 24 81 28 82 93 30 34 36 69 17 41 44 40 26 22 85 18 19 54 9 51 60
TEST 24 ARG:63 40 95 14 0 9 44 84 58 6 67 47 57 43 71 32 76 82 75 23 59 50 99 29 25 4 69 1 15 77 60 80 97 22 38 34 12 37 8 27 51 91 55 31 96 41 86 83 46 53 72 52 87 5 49 89 21 36 7 90 70 3 19 35 54 13 78 68 24 33 66 62 56 88 18 30 26 20 2 64 28 74 42 61 98 48 92 85 81 10 39 16 93 94 17 79 73 45 11 65
TEST 25 ARG:27 2 18 96 80 93 76 0 4 70 29 71 15 95 69 57 66 39 13 58 50 44 46 32 53 12 36 52 9 17 67 91 92 75 47 5 64 48 30 84 14 1 87 99 54 28 35 38 24 31 16 72 74 20 22 21 86 55 68 26 8 6 78 40 42 34 45 73 63 56 59 89 11 79 25 10 81 60 7 62 3 41 37 65 49 77 33 82 61 90 94 83 88 43 51 23 19 97 98 85
TEST 26 ARG:51 23 60 10 57 76 84 96 4 53 86 59 19 46 12 40 13 55 30 67 50 24 21 14 58 92 35 0 66 20 89 7 61 64 16 78 70 83 8 88 48 52 18 74 81 27 33 72 49 15 90 36 93 17 99 79 1 63 26 85 45 25 9 39 97 3 32 94 2 65 47 5 69 44 29 91 11 68 42 22 38 71 41 73 75 87 31 34 98 6 54 56 82 28 37 62 43 77 80 95
TEST 27 ARG:73 14 59 32 28 77 95 50 39 21 23 40 93 0 11 92 1 76 30 38 61 37 58 67 71 69 87 98 43 88 70 96 10 99 33 54 16 49 68 36 19 41 24 75 83 84 74 6 57 48 52 64 55 5 35 85 27 66 80 22 2 91 31 15 81 46 60 9 65 18 97 78 44 4 20 42 45 89 51 34 62 25 94 13 82 79 72 7 3 90 29 26 47 63 17 86 8 12 56 53
TEST 28 ARG:94 54 37 72 64 84 17 25 22 91 73 56 93 57 14 15 92 70 28 99 0 10 86 83 8 33 79 3 41 60 46 5 31 39 68 55 34 50 65 26 12 61 21 6 49 20 47 27 62 30 40 1 52 85 18 9 96 67 48 89 87 82 97 75 88 11 74 63 76 43 81 95 71 51 7 66 78 36 2 23 24 53 38 4 80 58 19 44 45 98 69 16 35 90 59 13 32 42 29 77
TEST 29 ARG:63 19 40 81 23 41 32 92 84 47 82 98 90 37 72 39 74 16 42 78 68 46 22 66 17 67 0 52 94 49 1 88 7 79 38 34 71 69 21 14 97 35 89 2 53 20 64 28 33 73 18 83 62 55 75 44 5 76 4 10 31 11 24 29 12 30 77 54 13 36 80 56 59 61 57 50 58 86 43 96 45 60 3 65 15 70 99 91 25 9 48 93 27 8 95 87 51 85 26 6
TEST 30 ARG:42 58 43 68 70 74 99 6 85 29 76 97 65 66 44 39 30 36 64 16 21 86 72 52 51 82 53 38 2 25 56 41 1 77 11 15 27 5 69 67 59 14 48 79 62 87 60 4 45 37 95 3 26 34 12 47 71 73 81 9 7 55 31 78 50 10 80 54 20 63 88 57 49 90 46 84 33 83 13 93 18 17 75 23 98 35 96 94 89 22 91 0 61 28 32 8 92 24 40 19
TEST 31 ARG:48 19 44 98 65 58 52 24 40 17 61 37 72 63 6 79 41 31 77 53 8 12 73 64 69 26 13 92 15 49 18 27 3 30 25 66 71 42 32 28 51 20 43 14 29 11 86 34 38 94 91 39 83 54 60 68 99 62 85 23 10 80 89 36 97 74 22 16 95 45 96 76 47 0 55 33 56 4 88 87 75 70 9 93 90 2 46 84 21 7 81 1 35 50 57 78 59 5 82 67
TEST 32 ARG:67 90 89 20 65 37 12 99 70 64 61 71 28 75 9 97 56 45 1 15 74 83 86 36 25 49 34 60 54 5 95 48 47 41 81 63 8 46 53 82 72 17 44 11 29 6 43 24 69 92 22 96 33 84 57 68 32 10 14 66 51 35 98 50 94 76 21 23 77 31 93 4 80 19 2 59 30 87 73 79 88 52 42 13 3 85 38 0 55 16 18 40 27 78 7 26 39 62 91 58
TEST 33 ARG:98 91 88 58 41 56 31 82 38 73 47 49 50 10 37 71 25 83 19 59 26 66 64 89 99 40 86 15 5 94 9 33 77 3 68 0 69 60 39 4 55 35 53 95 52 87 12 1 81 45 27 16 23 90 61 7 20 97 29 70 57 80 30 67 22 92 44 14 78 76 43 18 8 28 11 17 65 72 42 63 75 32 85 48 84 74 13 6 62 21 79 24 46 51 54 36 93 2 34 96
TEST 34 ARG:66 47 38 24 99 49 39 81 32 88 15 9 68 72 27 6 59 57 87 75 45 26 98 25 79 71 10 17 60 7 80 93 55 90 76 69 44 58 36 8 61 83 67 46 95 3 29 91 65 35 21 54 52 63 13 96 37 0 64 70 43 30 82 16 22 92 85 33 28 12 97 77 14 31 50 62 5 40 51 1 74 86 4 94 42 18 73 89 20 56 84 48 11 78 2 23 34 53 19 41
TEST 35 ARG:78 52 35 22 54 79 16 6 99 7 53 94 60 41 14 21 26 67 85 57 42 2 46 87 73 23 30 27 81 19 43 70 31 18 59 84 0 71 29 69 76 24 56 95 10 58 65 90 47 64 50 37 86 48 93 20 4 15 97 33 89 61 66 11 40 80 49 88 36 91 63 8 45 51 83 72 75 34 77 68 92 82 3 9 44 25 1 39 13 12 38 55 62 98 5 28 96 17 32 74
TEST 36 ARG:84 48 81 91 96 97 71 67 10 76 0 58 27 28 82 61 70 25 54 37 39 89 78 79 20 40 65 68 14 2 59 47 45 49 64 38 6 85 80 53 31 9 57 26 33 24 29 77 56 66 72 1 52 55 95 98 62 63 5 74 86 32 75 4 73 22 23 83 19 12 11 92 18 60 99 30 34 69 90 3 46 7 50 13 51 87 41 8 88 43 35 21 42 15 16 94 44 17 93 36
TEST 37 ARG:94 31 55 63 6 37 75 10 80 46 65 25 49 3 15 72 14 48 4 71 44 66 97 54 50 82 78 86 33 1 68 17 5 35 84 62 67 98 95 2 83 45 20 89 81 13 29 99 58 19 47 22 23 8 41 36 69 28 24 30 18 77 52 39 64 7 73 51 43 56 26 61 93 34 92 11 16 57 40 76 9 21 91 90 42 32 59 79 70 85 87 53 96 74 88 0 27 12 60 38
TEST 38 ARG:19 98 36 28 17 39 97 64 88 27 57 72 26 69 45 66 65 9 23 24 14 62 18 84 37 12 85 68 33 21 35 61 6 50 43 56 92 3 99 34 80 5 0 58 11 83 8 13 52 53 40 48 25 79 63 16 7 73 1 96 74 20 75 29 77 95 38 46 94 42 55 82 67 41 30 89 32 2 31 71 91 10 76 54 47 93 51 49 81 90 78 15 59 44 22 4 86 60 70 87
TEST 39 ARG:28 7 25 71 45 78 62 27 16 92 36 80 81 42 91 8 13 93 31 4 51 60 35 20 61 58 0 99 29 69 65 12 18 19 59 1 37 10 6 23 68 72 24 5 14 53 17 89 39 11 9 55 63 74 77 90 3 87 79 48 2 66 32 44 95 96 76 41 33 40 98 52 21 73 83 82 49 46 70 88 43 47 75 85 94 15 86 22 67 64 26 34 57 50 54 38 56 97 84 30
TEST 40 ARG:46 1 79 25 86 67 72 34 53 43 6 49 33 93 56 51 28 19 85 2 4 68 24 96 27 66 35 36 78 50 89 44 52 76 87 97 73 32 95 18 41 55 82 75 8 88 63 64 5 83 81 9 22 91 70 92 10 58 90 42 11 16 80 47 38 69 17 29 3 7 59 77 0 99 45 39 26 30 62 48 31 20 54 57 21 84 15 71 60 65 40 74 61 14 94 13 23 37 12 98
TEST 41 ARG:38 79 39 62 15 19 52 26 66 86 47 3 94 74 32 96 30 40 23 11 24 67 20 17 8 99 80 58 97 69 51 57 31 85 84 12 81 41 63 54 91 60 7 44 89 42 29 83 59 22 33 4 10 37 16 77 72 1 13 21 2 71 9 64 34 68 56 92 65 14 25 28 75 70 50 27 5 73 36 90 61 46 53 49 95 98 45 93 48 35 55 6 43 78 82 76 18 0 88 87
TEST 42 ARG:64 39 43 93 26 25 31 24 86 78 48 69 65 54 77 53 35 59 96 82 79 56 15 21 45 37 14 88 76 18 92 60 19 29 87 17 33 84 73 38 67 71 30 20 74 81 3 66 9 68 99 70 80 75 52 27 4 90 13 72 5 58 97 6 10 34 1 83 51 28 49 16 2 11 8 23 50 12 44 85 57 94 0 46 41 89 7 32 42 63 98 95 22 40 61 62 55 47 91 36
TEST 43 ARG:7 77 97 57 78 0 19 13 14 89 81 33 47 85 51 37 26 23 6 30 74 16 20 98 60 18 53 65 61 40 27 17 99 2 96 5 52 87 84 32 69 35 68 86 34 28 58 24 43 92 39 80 48 46 59 72 93 50 94 56 4 38 75 10 15 88 31 45 29 91 25 90 63 64 95 22 62 9 83 42 41 71 12 54 82 3 79 11 73 70 8 76 1 44 67 21 55 49 36 66
TEST 44 ARG:45 19 2 79 16 6 69 64 96 5 58 10 59 75 71 32 84 80 29 33 7 4 86 62 15 81 12 61 0 91 72 31 41 28 18 34 93 46 20 26 70 74 85 44 88 87 40 50 25 47 55 27 17 49 38 54 14 1 78 43 48 42 57 67 51 68 76 94 82 90 24 98 77 13 8 95 11 63 35 3 23 73 66 65 37 39 36 21 9 60 52 30 56 92 83 22 99 97 89 53
TEST 45 ARG:83 14 9 58 80 96 7 43 87 10 52 31 6 29 40 35 94 74 1 12 76 44 17 24 99 22 3 23 93 19 98 82 25 85 67 48 45 56 32 69 30 84 71 62 21 0 54 91 50 75 72 88 49 36 65 5 38 81 68 33 11 78 53 18 27 4 2 70 57 66 28 79 92 16 13 61 63 86 46 41 60 42 59 34 77 37 64 55 51 90 73 26 15 95 89 20 8 47 39 97
TEST 46 ARG:91 82 45 24 96 97 65 15 67 36 37 10 61 52 17 0 33 40 57 79 66 73 3 22 60 77 81 63 8 46 30 14 94 23 12 32 35 72 31 6 29 83 80 53 34 75 41 7 64 26 95 59 28 55 39 74 13 50 58 27 25 76 87 56 92 90 38 62 86 68 21 4 98 70 5 47 20 88 51 1 44 2 84 42 69 99 43 49 89 71 48 11 54 78 93 18 85 16 19 9
TEST 47 ARG:61 96 7 12 68 29 89 65 67 69 41 53 44 22 50 74 90 13 15 59 24 11 55 42 66 18 58 23 39 54 32 2 49 16 81 63 21 83 80 1 92 79 84 70 60 87 73 33 97 98 91 26 30 62 4 43 64 46 48 99 3 82 35 9 52 51 95 56 72 85 93 71 0 75 40 36 5 77 78 25 6 76 28 14 31 94 8 57 47 45 86 20 27 10 17 19 34 38 37 88
TEST 48 ARG:63 87 88 16 72 28 94 41 14 4 5 81 10 42 48 79 93 11 49 19 84 73 77 21 43 69 62 74 9 97 15 25 13 86 85 68 52 90 44 33 71 60 30 38 56 1 46 2 64 40 65 0 99 57 26 96 35 61 58 29 22 34 47 89 8 32 7 83 75 55 59 92 20 54 50 24 51 37 45 95 39 70 36 31 18 91 6 66 76 98 17 78 67 23 82 80 53 3 27 12
TEST 49 ARG:30 98 27 52 97 37 81 12 57 95 32 42 39 79 55 87 8 89 14 16 18 15 90 74 53 75 92 24 0 86 9 38 63 34 59 49 96 41 82 60 50 36 68 1 13 21 45 91 54 78 25 10 35 58 65 94 44 61 88 40 69 2 48 28 93 80 47 7 66 71 62 29 56 85 77 6 72 76 20 5 51 46 31 23 99 67 26 64 73 70 17 11 4 84 3 43 83 33 22 19
TEST 50 ARG:75 62 34 50 24 81 98 68 28 5 42 21 2 76 48 77 8 41 95 64 82 30 56 38 37 36 65 84 13 14 9 39 22 94 44 52 27 54 11 86 87 72 18 23 33 90 29 20 55 57 43 49 67 91 60 70 69 92 93 63 66 47 46 40 59 73 31 10 85 4 1 17 12 58 79 97 78 74 83 53 3 32 16 80 99 15 0 45 19 51 7 89 71 26 88 35 6 61 25 96
TEST 51 ARG:42 86 67 46 76 31 92 28 32 77 94 87 43 5 55 26 70 11 95 0 12 74 64 52 17 66 84 18 98 61 40 25 33 36 34 29 21 96 99 56 54 51 48 68 8 79 39 2 6 27 35 4 78 10 65 20 91 59 9 22 57 45 58 7 41 82 88 44 83 80 89 37 69 30 16 62 60 1 97 53 90 72 81 23 3 93 75 15 19 73 47 71 14 13 85 63 38 50 24 49
TEST 52 ARG:57 14 64 73 72 28 19 85 76 63 96 5 93 42 0 75 27 60 51 17 50 16 66 26 88 92 12 67 11 81 53 43 69 37 98 33 89 8 39 49 54 70 29 9 30 56 90 52 79 1 55 80 15 78 84 91 65 6 2 46 74 45 13 20 47 4 48 25 32 86 97 3 68 62 99 83 36 59 82 61 22 77 7 31 71 34 35 23 94 38 58 18 24 10 95 41 87 21 44 40
TEST 53 ARG:52 65 31 19 69 97 61 48 37 26 2 29 47 44 25 41 40 49 18 63 7 94 8 21 43 76 60 80 42 72 74 95 36 12 79 86 38 24 1 4 13 27 96 70 22 6 32 56 99 54 59 85 9 50 45 62 28 87 11 91 68 23 67 90 55 0 73 89 34 35 17 3 71 93 53 51 84 39 16 82 15 75 66 58 20 83 5 77 46 78 14 92 33 64 81 98 88 57 10 30
TEST 54 ARG:45 89 1 59 83 97 74 67 9 3 26 52 61 63 57 23 50 11 55 12 93 33 62 98 22 15 53 92 85 58 91 38 8 16 2 29 72 32 94 71 95 17 65 5 86 99 35 47 25 48 81 4 13 27 88 39 90 42 30 7 80 73 51 20 79 66 31 68 64 76 40 69 34 19 36 75 0 24 41 82 21 49 78 77 6 37 54 84 46 56 60 96 18 28 70 43 14 10 44 87
TEST 55 ARG:44 46 12 16 73 98 71 19 27 81 22 64 35 80 41 7 49 31 92 58 24 42 25 47 32 8 77 76 29 65 38 59 78 91 30 14 93 9 10 63 3 89 13 1 90 82 86 84 87 28 52 54 69 37 45 66 62 15 97 48 2 95 36 6 0 50 67 4 21 68 53 17 39 55 79 94 11 43 5 99 74 23 56 40 85 51 88 83 75 60 18 96 20 26 70 34 33 61 57 72
TEST 56 ARG:4 36 43 5 14 27 75 99 37 18 68 78 97 49 31 71 63 40 21 77 84 54 6 66 91 42 80 19 25 20 50 17 79 8 74 73 44 55 38 67 24 12 69 1 87 26 45 7 3 70 86 33 51 61 92 48 81 89 64 96 0 41 47 56 76 23 65 94 39 52 15 9 29 30 62 53 57 95 72 10 16 58 34 22 90 88 59 83 60 2 98 11 32 13 93 46 35 28 85 82
TEST 57 ARG:11 64 95 31 6 45 86 21 93 80 32 35 18 28 81 79 10 42 56 3 84 13 85 74 75 43 78 17 23 72 83 69 58 36 60 40 57 76 94 49 41 73 7 66 91 38 16 63 90 1 8 14 98 24 27 59 34 82 48 33 46 30 97 70 12 29 52 25 47 92 65 71 96 54 50 9 89 0 77 67 5 53 99 20 55 2 37 87 4 22 44 26 62 68 39 88 19 61 51 15
TEST 58 ARG:94 71 19 78 43 97 85 95 42 41 0 54 69 14 23 21 88 81 12 3 93 62 45 90 99 49 18 35 8 4 1 79 68 29 22 17 28 76 10 36 61 66 27 63 98 40 91 92 24 77 39 37 11 84 58 73 89 38 48 55 60 13 86 32 96 57 26 52 74 46 80 75 83 25 15 20 51 56 44 53 5 59 50 47 34 64 82 9 2 6 31 33 70 65 30 72 87 7 67 16
TEST 59 ARG:74 4 94 76 46 48 17 41 98 12 68 11 22 67 3 62 89 73 96 57 58 28 44 30 37 50 34 27 77 33 70 84 56 83 79 75 61 51 23 32 38 65 47 99 20 59 53 10 7 82 24 18 87 25 14 64 19 91 69 26 54 31 78 13 29 63 42 60 92 90 0 16 55 66 71 36 80 43 15 40 72 45 95 81 39 49 88 52 97 35 86 2 9 8 21 1 85 93 6 5
TEST 60 ARG:47 32 57 80 3 54 46 66 72 99 33 0 10 21 12 64 60 20 59 63 82 75 17 93 97 4 11 68 14 65 43 16 61 71 8 19 58 95 85 96 28 7 38 73 25 86 83 84 35 22 15 30 98 50 9 26 49 6 91 1 42 24 67 52 23 53 87 44 88 56 77 78 51 81 79 48 89 70 92 18 13 41 36 39 62 31 5 94 27 76 2 37 40 90 69 29 74 34 45 55
TEST 61 ARG:12 24 21 7 85 48 75 81 63 17 23 36 49 96 46 14 94 79 32 66 39 42 34 4 28 6 44 30 13 27 35 53 80 31 93 18 65 29 37 25 87 78 62 91 3 90 38 11 97 45 82 58 61 54 95 57 71 73 41 5 40 86 0 26 19 76 92 43 52 83 55 74 84 20 2 60 50 72 77 10 47 1 15 88 70 22 69 67 51 99 68 59 16 98 9 8 89 33 64 56
TEST 62 ARG:95 12 98 85 22 92 82 11 44 74 84 80 7 70 19 47 25 24 18 62 69 94 91 97 49 3 72 14 34 9 90 28 89 33 31 26 8 50 52 2 63 0 67 46 93 55 6 16 37 86 41 23 99 60 30 73 39 27 5 87 43 76 78 13 10 81 77 58 71 83 40 53 38 32 88 61 57 48 56 1 75 59 54 79 51 45 35 21 66 4 68 29 17 20 36 96 64 65 15 42
TEST 63 ARG:65 33 73 13 72 34 10 81 69 58 21 15 16 50 0 82 67 78 61 51 62 24 80 5 12 89 3 90 84 43 18 64 6 45 35 68 66 74 37 52 91 63 59 29 76 94 22 39 8 23 88 99 30 14 71 4 11 53 60 86 83 20 55 27 38 77 25 9 2 92 36 98 56 93 95 17 7 79 1 75 26 44 42 96 47 41 85 46 49 32 40 87 57 54 19 48 70 97 28 31
TEST 64 ARG:48 26 61 97 16 4 37 47 39 3 54 33 38 99 74 31 94 57 52 8 77 20 22 28 5 75 15 67 72 82 89 49 65 73 17 40 45 60 7 58 87 0 98 71 21 30 46 90 83 55 23 44 6 85 63 43 27 51 78 14 68 18 66 53 62 69 50 19 84 70 24 1 11 93 96 25 86 76 64 32 41 79 95 29 56 34 80 2 12 59 42 88 91 36 13 92 81 9 35 10
TEST 65 ARG:68 90 79 55 34 88 8 98 38 70 11 53 80 93 32 46 28 7 60 17 94 6 71 2 95 54 13 83 87 12 23 77 37 65 57 43 63 40 24 9 66 5 99 81 47 10 96 82 36 22 58 33 74 73 59 21 84 4 45 92 15 62 61 86 64 76 48 67 20 0 18 72 49 35 14 85 91 50 31 56 29 39 26 25 52 16 41 42 78 30 89 19 51 3 27 75 44 69 97 1
TEST 66 ARG:37 54 35 19 66 96 1 84 10 78 20 52 87 85 81 29 3 2 45 91 71 25 9 58 14 95 44 32 80 89 31 38 13 21 77 41 74 60 94 88 39 51 28 26 40 68 23 93 90 6 75 7 34 0 8 63 36 42 33 76 62 12 69 86 70 50 92 22 64 5 98 97 99 15 4 16 55 27 82 24 30 48 65 17 59 53 47 61 57 56 83 73 11 43 18 46 72 67 79 49
TEST 67 ARG:96 91 59 62 30 26 69 32 36 65 47 19 14 33 4 38 45 51 57 87 52 53 5 61 79 77 99 25 97 40 34 55 98 12 66 21 0 85 43 49 68 82 67 78 11 80 6 58 89 8 15 23 74 75 72 70 22 7 76 83 39 10 54 46 28 90 16 48 24 50 1 35 42 73 41 81 44 13 56 95 17 63 3 84 29 92 31 18 88 71 37 9 94 93 86 2 60 64 27 20
TEST 68 ARG:14 58 12 41 1 60 42 88 87 13 26 46 75 89 67 64 55 59 18 65 16 68 32 95 8 49 91 23 80 27 63 79 84 99 35 6 61 83 15 45 82 57 77 38 94 71 66 90 74 73 24 7 10 50 3 0 43 31 86 40 4 34 37 76 11 33 19 93 25 28 17 78 92 30 47 53 85 72 96 51 22 48 20 62 21 97 56 69 81 5 98 9 44 36 2 39 54 70 29 52
TEST 69 ARG:62 12 95 49 98 20 37 83 66 38 41 40 28 93 73 90 63 76 23 61 9 81 89 55 59 1 19 11 86 14 84 85 53 97 0 21 13 39 67 99 25 94 69 78 17 54 82 56 68 80 91 27 60 10 71 4 96 46 35 2 30 22 45 87 47 65 44 72 92 29 43 8 75 52 5 42 7 16 18 33 15 36 34 79 50 77 31 88 48 57 51 26 70 58 64 32 24 6 74 3
TEST 70 ARG:32 71 99 51 2 8 26 60 97 80 54 27 59 68 95 18 64 85 16 30 67 93 9 46 53 66 72 41 1 84 83 77 22 58 45 24 52 29 28 92 42 40 7 10 61 47 75 88 49 37 17 34 78 33 62 21 25 44 73 90 94 14 96 39 86 82 20 55 36 81 13 23 38 4 76 65 74 91 0 19 57 63 69 3 98 6 70 56 87 48 50 31 35 5 12 89 79 15 11 43
TEST 71 ARG:9 72 13 8 39 28 36 1 81 42 41 26 4 5 97 19 71 62 51 44 90 21 96 48 11 23 38 32 3 25 67 75 46 83 6 18 33 66 10 49 85 59 82 22 74 43 93 31 29 70 34 47 58 63 86 65 30 77 91 52 20 27 76 89 35 56 61 84 87 24 57 12 17 94 16 79 53 14 55 69 88 68 98 92 64 78 15 0 99 50 80 7 60 54 40 45 2 95 73 37
TEST 72 ARG:4 0 66 29 85 99 84 68 93 25 67 52 17 22 59 78 5 77 34 6 37 24 82 27 20 74 65 90 36 30 75 35 7 3 1 62 13 44 9 42 11 55 92 41 8 63 18 95 28 96 50 70 86 21 72 32 33 94 57 71 83 79 97 87 69 40 47 73 54 53 19 88 91 89 60 16 80 51 48 31 58 15 2 23 76 12 61 43 14 56 38 46 98 39 49 10 81 64 45 26
TEST 73 ARG:13 74 40 48 31 67 29 97 87 49 69 55 42 33 93 10 26 94 17 51 12 62 83 53 11 25 27 84 46 86 79 9 41 95 18 4 47 64 57 15 14 21 38 63 78 0 73 34 8 43 32 5 23 71 54 61 56 7 80 65 98 45 60 68 77 30 82 91 59 44 70 24 66 90 6 28 50 22 75 16 89 39 36 96 76 20 92 37 85 3 19 52 1 99 58 35 81 88 2 72
TEST 74 ARG:64 75 76 17 59 34 79 85 4 82 8 0 45 86 83 37 25 70 24 57 29 58 84 54 38 74 52 14 94 30 91 62 40 33 97 28 19 51 71 92 65 12 73 20 69 11 90 89 26 95 23 50 61 46 36 68 44 77 99 42 55 3 21 93 5 10 1 98 27 35 43 49 15 2 9 56 41 18 39 16 63 78 48 81 22 72 80 31 96 87 60 47 66 32 6 88 53 67 7 13
TEST 75 ARG:60 32 58 82 70 47 43 92 63 13 89 9 24 65 81 31 48 97 0 33 78 95 66 44 7 28 55 11 17 41 53 76 74 34 96 36 10 15 94 50 6 90 84 39 67 26 54 46 21 2 93 27 64 49 85 3 99 18 87 20 57 14 1 42 45 16 29 38 59 61 75 71 37 19 98 40 88 56 68 30 12 5 25 62 77 8 22 80 23 72 79 69 91 83 86 73 51 4 52 35
TEST 76 ARG:46 38 79 85 67 37 95 66 44 88 14 40 22 45 82 86 27 33 21 29 54 97 93 8 16 94 69 51 64 56 72 84 12 76 48 4 62 10 71 73 17 96 49 7 31 91 98 35 30 92 74 87 81 63 65 19 80 53 68 34 3 28 32 25 47 5 23 41 6 9 42 99 26 59 18 57 2 13 78 43 75 24 89 90 52 50 20 1 60 39 11 55 61 0 83 58 36 77 70 15
TEST 77 ARG:29 59 51 23 24 99 78 73 0 81 33 42 22 41 9 11 34 4 16 52 28 48 43 39 83 8 19 7 37 77 2 40 88 85 91 57 63 95 87 61 17 58 67 1 79 97 18 90 36 92 27 50 47 31 46 45 80 84 98 5 3 65 26 54 53 10 55 93 64 72 56 76 25 13 6 89 38 96 70 30 20 68 32 44 60 49 75 82 62 35 71 66 21 12 69 74 94 86 14 15
TEST 78 ARG:46 31 40 26 60 23 44 90 12 98 77 55 24 82 2 4 94 48 43 58 84 1 85 68 33 89 91 78 17 81 11 61 8 21 35 67 53 72 76 66 42 86 95 50 52 19 93 73 45 13 37 75 79 56 49 69 10 80 6 20 57 15 88 39 59 51 32 36 18 38 71 9 54 5 97 16 96 25 14 27 7 0 62 47 3 64 87 29 30 70 99 74 22 28 34 63 92 41 65 83
TEST 79 ARG:5 12 11 10 13 87 28 37 16 26 30 20 72 97 42 1 64 57 35 71 21 3 68 17 92 19 43 14 84 6 58 86 7 47 89 27 50 83 41 77 8 45 62 79 2 46 0 4 18 34 69 80 91 95 63 78 93 32 53 90 23 29 38 9 25 55 24 88 61 81 99 75 51 60 56 49 98 74 36 33 73 54 40 52 67 39 65 82 59 48 15 76 96 44 94 66 31 85 70 22
TEST 80 ARG:36 37 92 55 40 75 15 66 13 90 44 46 3 80 7 47 31 24 93 71 88 0 60 73 82 35 94 18 68 96 23 48 91 17 70 42 1 2 54 76 53 29 6 30 86 9 87 43 97 65 22 59 20 16 56 95 69 81 33 32 85 27 98 11 26 72 12 51 83 64 4 49 39 84 21 25 77 78 41 10 38 79 57 28 50 62 5 52 34 58 8 14 67 63 45 99 19 61 89 74
TEST 81 ARG:70 79 68 40 23 81 51 18 14 19 8 34 37 48 98 62 65 6 45 58 26 92 22 82 41 50 73 63 66 75 49 30 76 15 5 52 38 56 1 2 47 96 16 90 86 83 0 20 21 12 69 13 53 88 67 80 36 28 60 59 55 72 93 94 17 99 25 24 74 3 85 87 7 71 97 91 54 27 42 35 95 77 33 44 10 32 89 84 64 78 61 57 46 4 9 43 29 39 11 31
TEST 82 ARG:6 88 16 73 91 48 21 92 36 94 78 51 67 85 52 26 33 3 83 44 79 38 43 19 13 76 35 74 37 4 89 14 95 75 0 20 2 47 80 63 49 81 98 96 41 9 24 59 72 40 5 17 15 7 1 53 12 56 82 30 34 50 8 97 70 22 68 27 10 57 87 60 77 90 32 31 65 86 61 54 39 28 45 25 55 64 84 18 99 42 46 69 58 29 62 93 66 71 23 11
TEST 83 ARG:7 90 72 2 74 69 59 24 93 62 37 99 43 10 78 22 95 15 85 81 84 58 51 68 89 17 20 26 73 97 52 75 80 49 92 28 3 46 79 82 57 34 66 5 86 87 36 77 40 83 18 25 33 96 11 41 47 45 76 53 61 12 9 16 39 13 1 50 29 64 98 94 60 54 67 35 6 19 21 27 4 71 38 91 44 56 42 14 88 32 23 0 65 8 63 70 55 31 30 48
TEST 84 ARG:64 5 42 30 41 51 55 83 95 46 28 70 99 57 80 11 59 33 38 15 13 75 21 23 45 9 44 29 90 34 40 35 58 79 47 67 85 56 63 77 73 71 52 50 86 92 48 84 89 6 54 81 22 91 4 82 3 18 88 53 1 74 17 69 49 62 16 37 78 98 36 94 12 14 27 66 87 96 61 76 2 19 72 7 65 10 26 39 93 31 8 32 43 25 0 24 97 20 68 60
TEST 85 ARG:28 98 97 83 70 71 32 75 24 23 80 36 89 90 47 61 93 44 82 55 79 94 59 66 49 46 3 13 11 17 64 40 6 35 20 30 67 7 22 54 14 52 72 45 58 26 74 41 69 29 78 34 57 12 77 25 63 50 84 81 0 96 65 86 33 73 53 43 91 62 9 95 27 85 39 42 68 18 8 31 38 48 4 60 37 2 5 19 99 15 16 92 10 21 1 88 87 76 56 51
TEST 86 ARG:2 58 47 44 86 30 60 96 71 29 3 41 92 67 84 63 12 34 33 4 54 97 15 6 19 51 46 59 85 39 26 53 64 49 78 36 99 52 55 9 38 79 7 40 10 32 74 48 89 5 31 66 75 68 98 90 14 43 82 93 80 73 25 56 45 95 77 35 28 18 50 21 61 69 20 23 27 17 72 76 83 16 87 13 22 8 37 91 0 65 24 1 81 70 11 42 62 88 57 94
TEST 87 ARG:75 13 64 67 11 53 5 99 55 94 41 14 85 36 43 84 28 31 40 72 78 93 30 15 34 98 42 6 77 48 86 10 46 9 39 82 62 38 49 1 65 66 3 89 83 80 22 47 24 27 21 68 92 50 63 0 81 12 54 26 58 35 29 90 51 25 20 70 87 2 95 16 60 32 17 33 7 74 79 91 59 45 19 69 57 4 8 88 96 23 76 37 56 71 44 73 52 97 18 61
TEST 88 ARG:81 80 0 14 24 49 84 35 86 90 22 58 4 70 77 68 9 92 54 37 63 13 47 79 15 62 28 45 82 83 95 75 64 78 52 73 94 74 23 69 32 96 76 66 20 19 2 43 34 93 98 71 46 16 55 97 25 59 48 41 3 6 8 12 56 50 88 40 7 38 44 60 42 31 10 21 18 27 89 87 53 57 61 72 11 67 29 33 36 85 51 5 91 26 39 1 30 65 17 99
TEST 89 ARG:84 20 41 64 85 89 42 95 14 10 73 87 40 79 78 83 23 28 86 29 92 52 4 16 61 51 17 91 57 68 81 9 35 43 69 71 33 74 75 26 80 38 88 90 47 19 97 15 60 1 18 49 77 62 70 56 0 55 72 44 98 27 65 31 67 99 82 11 45 21 94 7 48 66 30 93 12 46 39 32 59 24 34 53 58 22 5 2 6 37 8 50 54 3 76 13 63 36 96 25
TEST 90 ARG:79 23 61 43 16 63 34 93 86 85 10 95 29 21 44 46 55 68 20 18 60 51 83 49 6 87 71 50 97 90 52 81 25 80 17 2 37 64 24 42 54 27 74 45 62 65 38 82 30 94 88 91 15 3 32 8 89 58 72 22 12 47 53 56 70 41 57 66 59 0 98 69 13 1 9 67 75 99 92 40 76 14 36 4 11 5 39 73 26 28 84 33 31 77 19 7 96 35 78 48
TEST 91 ARG:72 68 60 98 7 62 79 63 87 30 29 27 84 10 93 21 37 31 19 73 82 69 34 26 32 39 92 61 42 94 71 76 11 0 70 88 55 59 20 58 49 51 56 52 57 24 47 46 15 78 83 28 97 5 50 45 48 54 67 43 75 12 86 44 53 96 18 8 38 89 17 99 6 22 85 16 4 41 90 13 64 95 74 25 9 23 91 81 1 2 36 65 80 77 3 14 40 66 35 33
TEST 92 ARG:37 9 70 0 90 81 27 19 6 52 34 69 91 66 80 95 15 10 61 86 12 40 13 51 41 53 11 73 5 94 68 20 36 21 47 22 23 24 38 49 28 63 78 77 82 30 29 65 39 8 46 92 17 85 72 44 84 7 48 88 25 55 87 1 33 45 31 26 50 79 42 3 18 14 57 16 60 4 97 67 59 56 96 64 93 43 74 32 2 89 75 54 58 99 98 71 76 83 62 35
TEST 93 ARG:44 50 92 43 2 84 37 97 0 87 83 48 78 91 88 74 39 35 21 7 34 70 86 63 8 54 72 62 85 26 23 27 75 15 4 31 36 65 82 98 28 40 30 3 6 18 61 13 47 41 93 9 79 33 14 95 49 1 64 60 51 76 69 66 42 99 68 22 94 25 89 52 90 17 29 20 67 19 96 32 38 56 5 71 73 80 57 58 45 81 24 77 55 46 11 10 53 12 59 16
TEST 94 ARG:19 45 63 27 28 92 82 94 38 61 13 32 3 73 80 59 81 55 22 69 64 16 49 41 98 65 33 67 18 90 66 70 12 74 48 29 56 8 44 54 26 91 52 7 24 14 37 83 85 1 51 58 5 75 88 50 97 53 71 46 31 20 72 76 30 40 43 21 95 34 36 60 17 23 6 35 86 0 79 57 87 9 4 15 96 39 84 62 68 47 93 78 11 77 25 89 99 2 10 42
TEST 95 ARG:30 66 83 91 85 63 32 42 16 43 90 34 60 18 72 73 4 45 28 52 81 35 46 61 26 93 55 19 82 69 14 98 2 29 87 56 70 7 74 3 71 25 40 11 10 0 36 1 27 92 86 67 47 41 38 12 13 33 49 44 58 84 24 62 53 65 15 39 95 21 78 68 96 17 6 89 75 9 94 64 88 54 77 8 20 76 37 57 48 80 5 79 23 97 59 31 50 99 22 51
TEST 96 ARG:88 93 48 55 44 32 16 12 11 82 63 72 85 24 45 49 83 64 53 33 92 17 40 61 96 81 31 41 3 47 26 42 20 5 95 98 27 68 10 73 60 34 70 90 66 51 57 28 21 71 94 7 14 84 79 91 39 2 52 75 43 0 56 23 25 9 59 74 46 80 62 1 86 18 19 65 38 54 13 76 77 4 8 78 69 67 35 99 36 30 89 50 97 15 22 6 87 58 37 29
TEST 97 ARG:50 72 73 63 71 96 40 35 68 79 92 43 14 46 97 6 9 39 74 37 56 45 13 49 1 31 99 91 22 58 82 51 36 8 61 44 88 32 28 0 4 75 89 19 69 30 94 76 47 41 59 66 33 81 18 7 48 10 3 42 12 90 21 2 57 11 38 52 62 15 26 78 16 55 80 93 77 27 5 95 60 34 64 85 65 25 17 67 98 86 53 87 84 29 20 83 23 70 24 54
TEST 98 ARG:35 45 42 92 77 54 28 87 30 41 85 91 68 81 52 18 95 93 80 98 47 4 12 5 70 27 71 14 82 36 10 3 60 97 24 1 88 21 57 62 55 74 19 58 53 84 86 94 8 37 51 0 83 75 13 9 31 48 22 79 15 50 32 43 61 38 72 26 46 11 69 16 20 59 67 73 44 34 56 39 64 33 90 17 76 49 6 66 29 40 78 89 65 99 96 25 63 23 2 7
TEST 99 ARG:13 60 65 88 34 46 20 43 79 37 39 96 64 41 92 26 38 7 74 86 59 6 58 62 5 8 11 52 1 42 50 27 77 90 14 93 73 57 22 2 48 61 40 70 3 18 17 85 28 89 19 78 30 12 24 71 84 36 69 67 29 97 66 31 9 76 21 0 54 80 91 10 4 16 53 68 33 55 15 75 94 87 56 99 98 35 45 81 72 47 44 49 83 23 25 63 51 82 95 32
TEST 100 ARG:20 92 37 35 99 8 69 62 19 40 11 39 79 16 45 75 65 80 78 27 60 73 34 38 48 36 41 88 61 67 57 22 0 4 83 32 44 18 85 28 3 31 33 47 10 26 52 77 43 2 97 46 50 93 25 66 51 96 63 94 86 12 15 76 56 95 30 98 23 5 1 6 70 81 91 87 53 21 89 7 54 24 68 9 72 59 13 84 29 42 71 74 82 17 90 64 14 55 58 49
TEST 101 ARG:79 31 16 60 1 56 94 97 3 82 70 83 74 35 43 2 51 77 76 18 95 98 20 93 27 55 22 45 28 17 41 47 0 71 4 7 62 88 25 78 64 72 87 30 80 14 91 37 12 86 90 48 26 42 81 13 38 65 61 92 84 99 44 63 10 67 19 5 23 32 69 58 73 89 40 46 36 52 11 54 59 34 24 50 75 15 21 8 33 85 53 96 68 6 66 57 39 9 29 49
TEST 102 ARG:40 54 93 19 91 34 79 10 97 16 57 46 25 32 69 56 2 71 94 33 64 4 58 60 31 27 72 81 6 44 63 45 1 83 77 37 73 61 28 59 21 14 75 29 55 76 82 85 50 9 66 52 8 30 24 90 51 38 70 84 20 86 22 95 26 39 7 89 96 23 47 3 13 18 78 87 98 41 88 43 49 11 99 36 42 0 5 35 67 53 17 80 65 74 68 92 15 12 48 62
TEST 103 ARG:52 54 45 55 47 72 40 30 58 74 48 67 64 63 22 99 97 23 2 68 61 96 9 38 31 24 57 53 14 32 34 13 20 39 81 35 44 46 82 11 7 5 36 85 0 16 80 3 65 71 41 79 18 37 77 87 1 78 89 56 25 43 98 88 12 76 4 94 28 60 50 91 51 90 69 49 8 29 19 73 27 84 6 66 62 92 75 15 59 21 42 26 17 33 70 95 10 86 83 93
TEST 104 ARG:21 55 84 74 16 29 17 70 46 86 72 7 28 1 68 52 13 88 22 18 78 19 80 14 44 8 69 37 77 87 57 94 63 90 34 39 58 92 35 50 38 67 15 93 59 97 6 95 12 5 61 10 54 43 73 42 65 81 98 48 47 91 36 4 60 75 45 99 83 30 96 49 27 82 31 56 85 23 66 64 51 41 71 2 79 32 20 11 26 25 24 0 40 33 89 9 76 62 53 3
TEST 105 ARG:23 53 51 83 80 60 93 66 41 11 20 69 79 74 0 47 17 1 61 96 89 68 12 49 10 24 98 99 4 42 29 78 57 22 65 18 43 46 13 32 14 2 39 54 31 5 21 86 62 67 94 27 88 3 85 28 90 19 35 16 63 44 15 95 92 82 6 56 50 33 34 84 7 72 64 25 70 55 87 75 97 73 58 30 77 76 59 52 48 45 26 8 9 71 36 91 38 40 37 81
TEST 106 ARG:43 94 76 70 68 66 48 72 89 55 80 33 60 32 90 63 13 59 83 42 21 79 82 75 88 93 61 18 51 9 64 31 12 71 26 96 4 58 40 38 39 49 78 52 20 99 17 36 14 77 73 53 95 3 54 29 10 30 16 41 91 45 37 47 15 28 98 8 74 19 97 7 25 0 22 34 35 92 81 2 1 62 85 86 50 69 5 44 65 84 56 27 87 57 24 6 23 67 46 11
TEST 107 ARG:75 11 49 20 10 72 23 2 66 82 79 55 29 57 60 63 50 88 91 15 34 56 1 90 25 9 48 81 52 98 36 84 16 21 58 24 54 62 47 22 18 78 12 70 17 65 33 27 86 19 59 31 51 28 71 6 85 41 44 73 0 74 13 87 93 46 38 76 89 53 77 30 61 42 14 8 43 99 67 39 40 97 32 80 5 3 37 7 4 35 96 26 92 68 94 69 64 45 83 95
TEST 108 ARG:11 14 0 23 88 82 81 34 87 37 49 12 97 1 57 10 77 4 65 36 69 54 28 86 6 84 75 40 80 19 73 22 62 16 60 64 30 26 15 27 25 29 55 41 61 35 70 53 17 78 68 90 8 79 50 89 32 38 72 44 94 33 3 96 76 46 42 85 47 83 59 93 52 58 91 56 98 9 7 66 18 5 63 24 51 74 71 95 21 67 92 13 20 2 99 31 39 48 45 43
TEST 109 ARG:25 58 62 86 65 74 81 46 82 12 15 88 17 60 52 33 54 49 66 0 85 67 73 34 97 21 55 64 91 22 1 72 69 99 96 6 57 18 77 30 48 42 83 43 80 36 98 75 24 5 3 41 45 10 8 71 79 59 20 26 68 2 51 70 95 40 28 13 27 7 37 16 94 84 35 87 78 56 4 47 38 63 44 23 61 19 50 11 29 89 76 39 90 93 9 53 92 32 31 14
TEST 110 ARG:93 41 14 60 1 94 86 70 53 87 89 22 2 40 38 7 52 32 61 35 81 28 56 71 26 77 37 97 88 83 78 25 69 51 18 66 27 92 50 73 59 91 45 96 82 15 76 48 47 16 57 44 6 58 72 12 13 90 34 10 75 68 8 55 79 29 43 9 36 49 20 30 67 3 17 19 65 33 64 42 98 4 84 62 85 23 39 5 63 24 74 99 95 21 46 11 80 54 0 31
TEST 111 ARG:46 34 92 16 18 42 7 6 23 31 84 5 73 55 19 83 85 38 41 53 45 8 49 30 40 10 57 64 32 29 26 67 86 58 24 76 70 98 96 52 25 4 20 12 27 89 66 95 78 87 71 39 56 13 63 61 11 91 44 82 88 77 99 65 69 21 47 54 33 3 0 80 79 2 97 81 17 22 43 62 1 72 28 48 93 37 51 74 36 59 15 60 9 75 90 35 68 94 50 14
TEST 112 ARG:15 83 74 79 43 18 14 72 92 71 4 51 25 58 89 77 9 11 76 63 94 19 46 22 73 93 8 70 57 38 97 39 29 62 34 60 69 28 30 23 27 95 7 45 42 31 84 86 61 87 49 66 59 41 98 96 5 26 90 67 12 52 54 0 68 36 6 85 13 82 78 55 20 10 37 99 56 17 48 75 24 47 16 65 33 1 32 3 50 21 64 35 81 80 40 91 53 2 88 44
TEST 113 ARG:4 2 17 24 0 48 46 44 67 85 97 61 71 12 8 13 52 76 40 37 14 68 60 78 88 79 23 30 18 94 53 7 22 50 56 73 99 26 33 32 31 20 43 63 65 28 62 45 5 83 41 55 35 57 90 21 69 54 1 87 49 38 11 59 70 15 81 9 19 82 27 39 75 86 51 74 72 10 6 34 89 42 25 3 47 58 91 93 64 80 92 98 96 36 77 84 29 95 16 66
TEST 114 ARG:99 71 87 80 31 61 40 54 5 64 38 16 86 89 9 82 79 98 2 72 45 35 18 30 15 27 3 34 13 74 57 65 41 73 68 77 26 14 52 39 1 0 50 67 53 70 24 90 32 85 42 7 93 28 76 96 92 46 11 58 6 78 44 22 37 21 75 91 19 47 10 60 8 49 33 43 62 56 97 23 55 95 25 12 4 94 36 20 81 69 66 17 88 59 48 29 84 51 83 63
TEST 115 ARG:16 9 77 63 32 37 22 69 14 65 23 24 78 85 8 60 46 70 6 38 11 93 21 34 29 40 86 20 15 66 81 79 61 57 30 27 26 83 89 31 25 4 58 5 1 49 12 87 92 3 33 42 56 72 45 7 18 0 2 96 36 35 73 71 43 84 90 28 52 51 50 48 97 76 91 88 59 17 53 41 44 19 80 10 99 82 74 55 62 68 98 13 67 94 47 64 54 75 95 39
TEST 116 ARG:25 7 22 33 84 1 89 24 31 28 56 42 34 51 9 18 17 66 62 67 43 74 44 88 50 93 59 75 71 95 16 8 53 98 0 36 58 37 13 2 5 94 69 96 73 82 57 19 92 20 85 46 4 81 41 38 47 35 63 54 27 97 21 72 29 14 30 61 77 76 32 87 6 91 90 11 52 79 15 70 23 99 83 48 40 65 45 68 3 12 39 60 86 49 10 55 26 80 64 78
TEST 117 ARG:58 23 79 55 97 3 36 46 17 93 7 9 14 15 19 43 89 34 70 50 1 35 54 12 69 73 86 59 40 77 4 71 94 20 63 21 2 68 98 33 88 91 96 87 5 90 99 82 11 72 74 75 10 60 76 92 38 37 27 26 24 47 45 39 62 81 61 57 52 32 25 30 66 41 78 13 29 31 49 95 44 65 42 0 51 8 48 56 80 84 83 18 53 28 22 67 16 6 64 85
TEST 118 ARG:10 68 36 19 54 2 20 79 76 93 11 40 13 82 67 23 24 22 66 18 7 6 95 47 21 88 50 38 31 1 94 27 87 62 29 55 34 12 78 85 14 43 86 61 96 64 45 72 56 0 49 37 53 9 33 75 83 17 8 44 81 97 77 57 65 3 74 71 92 80 52 30 60 69 25 32 51 28 63 99 39 16 46 26 41 35 42 89 84 59 48 98 91 15 70 90 73 58 4 5
TEST 119 ARG:79 44 4 71 45 43 90 46 11 82 20 0 15 75 55 37 26 5 92 67 96 63 32 60 42 40 14 85 65 77 59 83 25 91 13 47 98 93 38 70 80 76 97 87 34 84 52 89 56 54 7 57 18 41 58 8 17 2 30 1 27 64 74 72 9 66 12 6 16 78 73 10 35 68 95 81 24 39 53 48 36 49 99 94 28 31 88 21 33 62 61 23 86 22 51 19 50 29 3 69
TEST 120 ARG:56 42 77 32 68 40 57 41 96 23 31 29 10 17 74 69 52 59 99 0 3 33 81 47 83 30 34 86 37 75 53 73 90 78 82 63 1 98 66 35 64 61 7 87 48 22 36 6 65 39 85 70 76 16 92 21 88 91 43 49 71 93 27 4 18 24 13 72 46 9 15 54 26 79 84 67 97 5 50 38 44 62 45 60 55 8 80 2 12 14 89 51 94 95 28 58 25 19 20 11
TEST 121 ARG:60 25 73 89 99 58 98 70 51 5 66 85 15 74 18 72 21 55 92 6 84 7 77 52 48 35 10 82 11 17 31 33 27 95 63 83 39 96 19 90 34 62 67 0 87 86 28 4 24 38 71 61 26 13 88 29 8 81 53 22 94 23 59 68 47 14 93 37 45 41 20 49 30 1 9 80 2 97 75 3 36 78 56 44 40 50 54 65 57 76 12 64 69 46 16 32 91 43 79 42
TEST 122 ARG:54 95 55 75 73 84 53 2 62 45 41 28 94 27 47 43 38 87 76 34 17 49 68 99 93 82 24 70 0 88 65 58 48 63 39 71 23 21 61 37 42 80 72 5 98 46 10 6 25 97 9 8 50 67 86 78 32 11 33 12 83 60 22 1 56 85 3 18 90 26 64 19 14 57 66 16 81 91 40 89 35 30 74 59 36 7 51 52 79 77 44 69 20 96 13 15 31 29 4 92
TEST 123 ARG:28 24 54 81 93 43 41 68 96 88 32 94 85 61 57 9 90 76 0 8 30 95 59 4 1 71 15 91 26 12 80 51 60 49 72 62 82 87 67 52 40 53 7 77 64 5 56 36 83 48 89 19 3 38 13 23 78 79 70 37 46 92 27 39 75 31 17 69 18 29 21 33 20 2 42 14 58 74 44 63 25 97 86 11 73 84 98 35 55 45 34 22 16 65 66 99 6 47 10 50
TEST 124 ARG:60 18 69 13 48 81 62 23 63 26 22 16 39 35 30 27 46 9 72 6 3 43 91 82 56 96 67 15 77 40 58 11 94 4 79 12 64 14 86 80 20 95 98 10 70 97 73 38 54 7 52 50 71 53 33 1 84 34 61 88 31 28 57 87 32 76 59 47 25 37 65 83 29 92 66 68 36 8 21 93 99 55 89 5 74 24 51 2 41 49 0 90 45 44 19 42 75 17 85 78
TEST 125 ARG:74 40 11 12 82 3 84 54 78 6 19 71 27 57 28 26 76 56 80 62 59 34 83 68 17 90 47 92 29 42 5 13 15 49 70 33 50 44 41 91 20 65 7 88 46 93 87 21 39 52 69 16 43 51 58 14 73 72 38 31 8 22 32 30 48 85 0 60 98 94 45 25 2 64 53 4 81 89 10 35 79 63 67 24 37 36 9 97 18 61 99 77 66 55 86 23 95 75 96 1
TEST 126 ARG:82 54 88 86 48 30 12 49 80 32 7 24 18 92 56 75 47 95 38 72 31 55 43 98 74 41 71 96 20 45 46 15 58 79 62 85 1 44 70 67 6 76 65 39 57 93 99 16 29 4 17 66 90 68 60 53 8 28 3 69 73 40 35 89 25 5 59 11 37 64 23 36 94 91 84 22 27 13 0 2 9 51 97 14 87 42 19 78 50 61 21 83 81 52 77 33 10 26 63 34
TEST 127 ARG:23 47 48 66 21 6 40 39 42 22 17 55 26 12 72 73 95 67 85 56 70 77 3 16 79 41 60 74 30 44 88 32 25 87 91 90 89 7 98 54 20 75 71 31 11 51 62 58 53 38 64 45 13 61 35 9 93 52 97 92 63 94 84 8 4 96 50 76 34 36 86 57 78 65 2 24 59 37 46 68 14 28 33 82 29 5 81 99 69 43 1 0 10 80 27 15 19 83 18 49
TEST 128 ARG:99 54 73 33 75 28 3 29 35 45 23 95 46 49 65 31 15 18 78 11 43 51 57 21 5 59 61 13 20 40 39 14 6 60 70 36 53 77 89 17 1 0 47 22 84 56 42 4 93 62 52 92 72 44 79 97 8 16 50 87 58 76 86 48 82 41 71 80 63 25 74 68 85 55 90 37 98 66 96 27 69 26 32 2 24 34 30 81 19 94 64 38 12 10 83 67 9 7 88 91
TEST 129 ARG:50 36 42 64 95 3 93 63 25 79 77 68 39 83 51 84 27 28 99 96 38 88 32 1 61 20 60 65 9 37 43 75 46 0 10 5 41 98 81 19 57 76 33 73 44 67 80 54 90 53 2 4 85 29 52 89 72 45 35 31 21 87 13 7 24 6 11 56 71 78 16 58 14 18 82 91 70 12 97 17 92 69 86 26 59 34 47 66 8 15 22 23 94 40 74 48 49 30 62 55
TEST 130 ARG:3 94 74 14 73 17 63 6 43 42 5 52 55 69 64 67 36 59 13 0 47 65 90 16 22 38 88 95 49 23 97 8 30 99 60 86 72 9 45 37 70 80 81 11 31 10 15 2 40 51 12 76 79 56 34 77 66 82 19 46 71 54 28 57 53 61 44 58 91 84 25 29 93 96 78 62 26 50 32 41 89 1 33 75 68 24 27 48 83 87 98 18 21 85 20 35 4 7 39 92
TEST 131 ARG:70 42 12 88 84 33 78 87 89 18 37 62 34 41 52 79 29 23 64 20 0 92 80 36 59 93 95 85 91 17 57 16 53 97 90 21 45 60 11 67 56 54 8 28 39 82 48 73 13 76 15 2 27 75 6 94 5 3 50 9 71 30 35 99 58 98 25 26 66 10 61 69 38 1 77 43 32 44 51 63 68 47 81 4 74 49 19 86 72 22 55 65 24 14 7 96 83 46 31 40
TEST 132 ARG:5 42 62 64 48 4 73 25 32 76 63 39 34 67 7 11 18 86 15 13 44 12 68 99 22 3 71 83 56 54 57 94 61 37 2 52 90 30 70 92 77 43 35 6 46 50 65 14 72 58 10 59 74 84 47 81 36 91 95 45 87 17 75 23 31 8 82 51 49 33 24 29 93 55 26 89 41 85 60 53 66 69 1 97 9 88 40 19 78 79 80 16 96 27 21 38 0 98 28 20
TEST 133 ARG:28 12 19 4 65 90 6 32 16 46 64 93 78 26 58 61 82 77 57 25 30 44 37 81 11 49 85 59 5 38 18 98 2 9 27 43 10 91 68 15 72 21 80 39 89 33 48 73 45 95 42 36 74 0 17 97 92 35 34 62 69 47 86 29 3 60 56 63 31 41 84 24 7 13 52 51 54 83 55 79 40 66 71 22 8 96 75 67 50 20 88 23 94 76 1 70 53 14 99 87
TEST 134 ARG:55 91 0 63 46 59 4 11 25 29 24 85 16 27 65 22 9 35 26 94 10 8 67 37 60 44 7 18 84 49 47 76 96 45 61 73 38 54 83 88 41 31 39 43 36 6 89 56 12 99 71 28 81 57 97 69 3 20 50 90 66 70 13 74 1 40 53 42 72 21 14 75 48 23 52 77 95 2 82 86 15 32 33 19 62 79 78 98 17 64 93 80 34 30 68 5 58 92 87 51
TEST 135 ARG:89 83 46 91 52 33 90 65 67 42 77 51 26 3 96 41 82 20 14 81 49 53 35 58 4 15 36 98 48 28 95 2 47 43 31 13 0 64 6 73 17 61 71 76 87 44 11 34 75 19 84 72 54 93 16 27 25 97 56 32 50 92 8 5 45 37 85 24 63 69 59 30 40 66 22 21 79 86 12 74 39 88 18 60 70 99 94 55 7 23 78 57 9 80 1 38 29 62 10 68
TEST 136 ARG:67 16 30 3 12 39 19 2 73 72 41 74 18 47 62 9 80 21 29 55 44 28 25 10 92 0 76 50 66 1 37 48 93 33 49 88 22 64 15 57 13 63 60 69 35 79 58 86 56 97 87 40 83 90 17 27 46 99 14 20 89 81 38 6 98 95 8 96 31 36 42 34 5 75 54 4 45 51 68 23 94 26 82 84 85 52 53 71 61 78 24 59 32 11 7 43 91 70 77 65
TEST 137 ARG:52 21 38 81 92 34 50 97 63 85 61 42 48 59 16 60 23 43 45 64 65 90 2 58 68 15 56 0 5 6 49 74 87 80 14 30 7 67 4 31 75 29 26 10 95 12 40 33 82 62 8 46 1 35 32 78 19 41 47 86 37 77 11 94 72 28 71 98 91 51 69 39 20 17 84 13 3 76 93 57 99 36 18 22 79 89 9 83 25 73 44 88 53 96 66 24 54 27 55 70
TEST 138 ARG:46 99 26 48 81 9 23 32 66 43 5 6 88 50 13 18 47 12 30 16 74 41 71 86 63 76 20 73 84 77 8 65 55 58 98 29 70 69 35 31 44 27 64 82 40 75 59 95 49 89 67 22 97 61 4 42 91 3 56 78 34 79 24 92 62 28 52 37 83 93 10 33 36 17 51 39 15 2 19 90 11 7 54 53 72 57 60 21 80 45 85 94 14 38 1 68 25 87 0 96
TEST 139 ARG:7 34 81 80 85 41 20 82 30 62 73 3 46 79 99 61 97 29 49 48 84 11 68 14 27 15 65 6 24 13 5 26 23 19 71 69 76 86 96 66 74 22 67 88 94 44 93 56 92 75 28 89 10 42 21 60 17 54 50 87 53 52 4 57 83 72 64 91 40 31 33 18 12 25 90 58 35 59 98 39 78 0 47 1 36 77 95 2 37 9 32 45 16 55 43 8 51 63 38 70
TEST 140 ARG:81 17 92 80 28 76 57 39 20 52 69 86 66 10 72 99 85 67 44 95 7 51 2 1 18 87 47 38 64 14 43 56 31 94 30 37 71 98 61 42 27 3 40 63 36 58 16 60 93 8 41 54 97 26 55 23 6 24 22 35 89 34 70 83 15 74 84 49 45 5 91 59 62 0 29 65 53 73 4 21 96 75 12 82 77 9 79 88 32 46 11 90 68 25 13 48 19 50 33 78
TEST 141 ARG:41 55 9 79 34 6 65 83 19 66 97 21 64 13 33 7 88 18 12 25 39 48 1 30 68 84 28 16 36 49 57 89 59 46 61 96 31 42 38 91 72 93 40 23 37 76 8 94 99 87 35 60 95 86 17 26 63 22 82 53 14 15 81 62 10 80 47 3 74 85 90 24 71 44 77 2 4 98 43 32 20 75 29 45 5 54 27 69 0 70 73 56 11 78 92 51 67 58 52 50
TEST 142 ARG:78 39 72 15 93 49 13 82 55 26 3 30 14 67 34 51 95 36 32 81 48 20 62 43 0 98 54 1 24 65 59 74 4 10 83 99 79 85 22 56 52 9 90 46 73 23 84 92 60 58 50 94 17 35 21 96 97 40 41 38 75 25 7 11 87 42 45 76 66 5 37 16 44 80 53 68 57 28 89 47 19 77 33 61 29 70 64 12 18 88 69 91 63 31 27 2 6 86 8 71
TEST 143 ARG:42 20 76 33 59 82 32 52 48 96 9 34 51 22 26 61 31 78 79 92 2 23 47 14 50 84 6 56 21 11 75 90 63 68 67 86 88 36 24 73 64 38 17 13 89 7 65 43 15 0 29 69 1 37 39 30 44 55 80 27 58 25 77 40 3 98 12 10 72 5 71 97 53 28 46 60 93 74 4 87 45 70 16 83 8 91 19 66 85 99 57 49 18 62 41 95 35 54 94 81
TEST 144 ARG:92 61 81 85 49 69 47 42 38 65 52 10 79 17 16 28 26 86 21 88 45 60 20 44 1 22 7 55 74 96 83 33 97 99 23 84 35 12 30 41 72 91 77 4 87 58 27 53 68 71 56 34 37 59 70 13 95 75 24 8 78 94 6 51 73 39 25 46 9 93 43 98 14 40 15 67 48 89 80 19 5 2 57 29 0 31 54 11 90 62 32 36 50 18 76 63 82 64 3 66
TEST 145 ARG:12 48 21 80 1 60 25 29 5 16 27 18 68 39 40 42 0 61 52 76 72 4 17 91 97 36 89 67 90 56 96 53 14 26 9 93 95 64 11 77 55 33 84 3 83 44 74 73 59 47 86 85 75 71 32 10 7 65 50 82 20 66 54 30 43 34 88 2 62 69 81 87 6 22 31 28 15 94 41 45 49 23 70 98 57 78 13 35 24 51 79 99 38 63 92 37 8 19 46 58
TEST 146 ARG:41 81 79 69 6 29 76 0 25 37 49 61 58 86 5 75 91 46 40 95 80 33 13 20 64 32 85 19 35 15 82 38 17 96 93 18 34 31 98 83 21 3 71 12 56 24 42 53 68 62 63 84 28 1 14 74 59 60 73 52 27 30 26 70 99 66 11 55 94 44 8 9 16 2 51 78 89 7 43 48 97 36 50 10 92 72 87 22 47 88 4 67 23 65 90 54 39 45 77 57
TEST 147 ARG:66 76 0 62 22 35 82 11 81 64 40 37 47 91 93 12 28 67 92 30 70 88 95 56 68 6 94 53 98 71 32 46 34 61 79 1 87 74 77 59 55 5 14 52 9 17 58 2 33 4 51 42 89 57 23 97 36 10 54 78 19 60 69 13 7 20 50 80 86 85 90 63 24 44 99 83 96 16 18 8 43 38 3 15 41 27 26 73 75 72 45 21 31 29 49 25 48 65 84 39
TEST 148 ARG:80 46 98 43 52 95 13 34 32 37 6 18 60 28 93 51 39 57 89 26 78 86 94 54 45 87 50 96 27 84 49 76 74 9 99 33 62 4 81 77 12 21 79 67 3 71 72 25 7 85 66 69 75 56 35 22 44 11 10 65 17 88 61 70 48 40 92 83 0 41 16 55 63 19 24 15 64 2 1 82 36 23 58 8 30 59 31 73 90 20 47 38 91 29 53 42 68 97 5 14
TEST 149 ARG:90 33 4 57 98 9 62 91 83 6 40 8 47 72 52 30 46 67 0 66 60 3 87 51 58 17 70 36 42 88 74 10 80 85 56 2 1 75 49 79 23 81 86 82 89 32 22 77 94 21 43 13 78 69 99 65 27 71 48 97 14 35 93 18 50 76 29 96 5 92 41 15 11 19 59 16 20 73 39 54 34 24 25 84 53 38 31 61 55 7 12 26 64 68 95 45 63 37 44 28
TEST 150 ARG:8 77 5 31 72 55 20 43 93 37 63 10 14 88 83 7 96 92 33 46 87 86 74 85 21 27 81 59 9 26 61 42 68 57 16 94 51 30 58 53 62 79 23 11 25 78 19 67 24 71 66 32 39 18 91 73 95 3 13 47 89 52 76 4 75 69 17 28 70 35 82 34 0 12 22 44 65 2 48 50 84 1 41 97 6 56 80 45 64 29 38 15 99 90 40 60 36 54 98 49
TEST 151 ARG:12 56 69 75 9 24 3 94 87 85 6 74 61 66 78 93 25 14 67 5 41 4 84 32 15 51 99 76 39 7 98 33 68 90 42 77 71 40 92 97 49 80 70 59 73 26 29 63 11 35 28 2 31 46 8 53 88 86 22 50 62 64 48 34 65 19 20 89 13 21 60 81 58 30 83 36 16 17 43 44 18 55 47 95 82 91 54 38 57 37 0 1 45 96 72 27 79 10 52 23
TEST 152 ARG:72 62 77 49 55 0 79 69 22 10 64 45 9 50 61 51 20 96 68 3 32 43 67 56 66 8 26 23 95 53 48 11 94 80 54 83 19 30 88 60 31 75 90 57 85 71 7 34 25 91 4 41 24 76 99 13 87 46 74 29 14 42 97 33 38 6 21 44 35 63 58 2 81 15 36 73 16 89 84 65 86 40 52 70 28 39 27 93 1 12 37 59 5 98 17 47 78 82 18 92
TEST 153 ARG:38 69 58 42 14 81 46 60 51 29 16 4 68 44 20 26 13 48 23 21 93 53 40 78 95 74 2 17 19 3 72 27 97 7 35 34 63 25 54 62 1 36 18 9 49 99 75 57 11 87 76 89 66 64 84 73 82 59 43 32 70 80 61 98 91 22 10 47 12 0 55 45 85 90 24 96 31 65 28 92 88 52 5 67 30 83 39 71 37 8 94 33 77 41 50 79 15 56 86 6
TEST 154 ARG:56 31 94 83 6 66 27 95 70 38 36 69 60 12 4 49 35 79 98 14 20 23 76 5 24 33 64 2 28 92 50 45 80 7 78 26 67 97 42 48 65 9 41 59 57 30 71 73 0 72 34 62 51 15 32 10 3 90 55 53 84 43 89 85 75 91 47 1 29 61 81 39 21 44 19 17 37 99 25 63 68 18 58 93 74 40 22 46 96 52 11 13 87 77 82 16 8 54 88 86
TEST 155 ARG:73 83 94 77 2 69 52 84 63 31 27 3 15 95 32 82 50 1 45 74 42 71 18 44 19 75 49 36 46 58 29 10 5 8 40 54 60 88 43 97 38 0 34 21 4 14 91 35 79 76 87 37 6 23 96 28 99 9 93 67 30 89 39 22 13 80 41 61 53 16 70 12 20 85 25 90 86 64 17 65 81 26 56 57 7 55 33 48 78 98 59 72 66 62 51 47 11 68 92 24
TEST 156 ARG:76 45 35 94 95 3 42 87 61 79 48 62 58 25 59 49 97 27 77 60 7 71 74 16 6 83 15 4 38 51 54 65 18 43 8 67 20 29 63 47 9 46 55 66 1 92 82 89 69 72 78 75 90 33 93 40 28 96 73 17 81 57 34 91 70 30 64 50 80 13 23 86 26 85 0 88 56 14 24 41 21 5 36 31 52 39 98 10 2 44 84 12 53 11 37 99 68 19 22 32
TEST 157 ARG:4 57 77 52 95 36 41 85 79 86 98 99 62 9 33 74 44 47 72 42 28 65 93 70 67 82 56 68 53 16 76 88 51 1 24 46 3 83 38 69 49 12 10 21 94 31 13 32 6 48 27 20 63 7 37 25 92 23 64 96 30 22 2 59 50 26 60 55 34 91 84 71 14 97 11 89 5 75 18 58 45 29 15 54 40 73 80 43 0 17 39 87 81 90 8 66 35 61 78 19
TEST 158 ARG:31 64 7 43 50 71 59 74 49 52 79 48 96 81 65 13 45 86 93 14 53 26 40 10 25 19 35 4 72 90 84 98 61 89 23 82 46 29 6 87 28 73 75 63 5 80 51 83 11 95 57 34 30 15 88 1 18 20 70 36 56 55 54 39 12 8 21 37 91 33 66 42 62 68 17 77 24 22 58 99 0 85 92 78 69 44 32 60 97 16 38 76 94 27 67 47 41 2 9 3
TEST 159 ARG:87 23 74 63 31 26 27 52 84 14 9 18 55 11 82 20 49 92 15 88 62 83 65 5 54 22 94 66 95 91 19 98 13 67 32 39 8 25 93 7 33 77 0 79 57 17 36 48 80 44 4 1 97 61 60 81 37 3 51 24 86 45 50 72 40 75 42 41 73 16 43 10 35 85 90 46 58 78 56 89 71 53 76 59 34 38 30 99 29 12 69 68 28 2 64 96 70 21 6 47
TEST 160 ARG:66 71 23 52 98 59 67 33 34 28 44 61 30 95 82 72 62 85 94 75 70 80 65 81 64 21 83 9 20 69 76 17 4 24 15 29 55 68 18 86 11 73 47 88 79 96 74 45 26 22 12 90 43 1 6 8 63 7 36 91 46 93 10 5 49 50 13 54 0 84 97 37 2 42 27 14 77 25 16 87 48 41 53 32 58 60 56 39 40 35 19 57 92 31 3 78 89 99 38 51
TEST 161 ARG:63 41 36 58 12 81 6 33 88 34 0 92 72 50 42 86 96 29 19 73 94 18 93 31 32 89 77 27 95 25 90 13 30 55 7 70 15 24 48 40 44 56 11 23 74 76 38 66 43 60 1 49 82 14 3 78 61 26 21 53 45 51 79 65 20 83 54 46 57 62 17 80 67 39 69 75 97 10 5 99 9 71 84 59 85 91 98 16 47 8 87 37 35 68 52 22 4 64 28 2
TEST 162 ARG:87 40 4 74 89 73 78 31 57 20 8 69 63 3 96 26 28 47 24 66 11 83 37 55 61 93 76 91 21 19 60 9 36 70 22 14 33 27 51 42 43 56 46 12 15 41 38 97 23 86 88 72 2 65 82 0 32 44 16 77 50 34 45 18 30 95 35 13 85 62 71 52 92 29 99 90 49 6 80 81 94 39 79 59 25 64 67 1 7 75 48 54 58 17 53 98 84 10 5 68
TEST 163 ARG:74 25 29 41 4 49 52 61 85 59 38 34 57 87 95 30 27 32 70 79 72 89 40 9 5 92 43 75 14 11 44 13 51 22 33 48 80 20 90 69 46 47 31 62 96 36 91 0 81 12 94 15 28 83 45 56 39 77 50 73 67 68 65 16 26 7 24 6 8 53 66 82 76 63 37 84 19 64 21 10 78 35 55 3 54 93 86 60 98 71 2 58 23 97 88 99 17 18 1 42
TEST 164 ARG:76 50 55 22 2 78 18 10 75 8 98 80 29 5 20 36 41 39 90 28 38 48 19 91 27 97 21 81 69 53 44 82 37 31 34 3 83 74 94 84 96 79 24 11 17 25 54 89 16 65 61 86 66 68 6 23 56 49 45 43 93 12 92 26 42 70 59 1 85 60 13 99 57 67 32 63 77 30 40 58 51 14 0 62 95 73 71 7 4 87 35 9 52 33 47 72 64 15 46 88
TEST 165 ARG:76 86 42 52 36 26 79 9 32 51 38 90 1 23 31 35 39 50 95 16 65 64 98 69 97 44 57 22 55 70 25 82 33 62 73 28 63 81 34 6 18 45 37 20 17 89 49 2 48 11 84 41 61 19 80 67 5 4 14 43 92 15 30 60 72 87 66 85 91 78 93 3 99 58 10 54 24 46 40 7 53 0 75 56 77 68 96 71 47 94 88 12 13 59 83 21 74 27 8 29
TEST 166 ARG:26 31 12 51 27 86 66 92 98 0 97 99 54 80 41 10 71 74 44 58 28 40 65 15 96 22 67 63 94 55 91 29 35 81 3 32 14 7 11 72 24 52 70 73 79 48 50 62 43 53 90 8 77 69 45 38 46 39 64 59 82 5 76 95 61 6 21 1 25 57 33 19 34 60 75 30 68 23 87 18 49 2 4 84 93 56 16 13 83 78 42 89 47 9 37 17 20 85 36 88
TEST 167 ARG:40 7 6 8 85 73 66 62 43 58 64 69 5 94 42 1 67 96 37 99 34 44 92 57 38 90 79 52 53 50 71 61 63 15 25 46 93 70 60 23 74 4 0 14 97 26 91 68 18 82 77 75 76 87 72 88 80 45 95 32 2 12 28 30 89 36 13 17 24 59 35 29 27 83 55 20 49 21 11 31 81 22 86 10 65 56 78 41 98 51 33 3 19 54 16 48 9 84 39 47
TEST 168 ARG:7 90 46 88 93 59 8 84 67 1 85 5 57 68 91 16 21 96 55 65 94 4 45 74 53 39 78 2 37 36 63 82 66 86 89 60 35 38 52 58 97 95 27 49 31 87 62 25 44 54 20 73 99 10 64 33 24 70 80 42 3 15 77 81 14 12 83 29 41 6 34 43 19 51 98 72 9 47 26 79 13 75 48 0 56 18 71 92 30 11 17 40 61 28 23 69 32 22 50 76
TEST 169 ARG:53 1 52 29 42 64 54 11 7 82 37 66 80 86 84 33 44 73 35 13 68 56 88 99 71 72 27 31 95 69 10 36 4 83 12 43 21 22 9 30 47 23 75 59 18 25 20 79 90 60 70 63 55 77 98 16 94 3 40 74 46 6 57 17 38 28 2 41 51 93 91 5 76 14 78 34 0 97 61 49 50 85 89 92 96 39 58 67 81 26 19 87 48 24 62 32 45 65 15 8
TEST 170 ARG:78 1 29 28 23 72 71 12 21 7 26 31 8 68 30 57 41 32 45 92 3 43 95 56 77 46 98 88 14 97 60 85 86 39 59 94 90 48 62 84 99 22 65 75 47 51 79 91 33 63 34 49 11 9 61 55 83 44 35 64 20 18 70 81 13 38 16 80 37 53 52 27 17 15 74 2 76 6 36 87 82 93 5 96 42 67 4 66 24 73 10 25 69 89 58 50 19 54 40 0
TEST 171 ARG:49 19 39 32 33 16 11 88 36 40 93 13 99 42 10 89 86 54 77 74 73 9 51 12 2 53 98 95 37 5 22 76 26 0 72 50 47 82 35 56 97 44 85 45 6 18 46 15 21 75 41 20 60 80 71 67 17 29 23 96 92 14 31 78 69 25 7 28 84 90 55 87 79 68 48 81 34 30 24 65 57 83 64 94 3 1 8 62 61 70 43 59 4 58 63 27 38 52 66 91
TEST 172 ARG:86 27 53 37 95 5 75 6 79 1 58 59 84 65 90 92 57 61 2 35 97 9 89 91 83 28 78 19 43 87 20 26 85 81 72 98 18 33 38 21 55 88 62 69 32 12 14 73 99 40 45 7 31 50 70 3 4 17 77 41 10 11 8 15 48 47 93 82 22 16 30 64 68 0 39 80 13 56 34 60 42 24 66 51 44 96 71 49 46 29 67 76 52 25 23 36 63 74 94 54
TEST 173 ARG:22 6 56 69 39 45 71 97 31 24 66 10 30 26 48 83 81 16 55 36 3 75 63 95 2 59 88 40 20 82 41 15 64 33 77 0 76 4 86 53 27 85 34 84 80 18 61 89 70 47 60 25 35 58 54 67 65 78 92 79 68 49 1 74 28 94 73 93 29 5 42 43 12 51 9 44 19 32 23 17 37 96 91 72 14 90 13 87 21 98 11 38 62 99 57 7 52 46 8 50
TEST 174 ARG:16 49 41 32 58 84 71 5 66 78 10 42 55 19 7 67 35 25 91 96 26 36 43 47 53 45 52 0 33 75 24 88 62 37 38 30 92 65 15 90 40 86 83 51 23 74 54 39 57 11 69 6 79 99 77 85 14 56 59 98 48 1 2 46 94 87 70 20 44 22 29 18 64 61 13 50 81 89 95 28 12 8 63 82 76 31 17 93 21 60 9 97 72 34 27 68 3 73 4 80
TEST 175 ARG:64 69 40 58 90 89 9 65 70 74 46 10 55 88 38 42 81 99 8 34 95 87 98 16 5 75 37 44 47 57 0 26 29 72 80 79 28 96 25 12 68 73 24 71 19 92 77 2 78 32 4 61 97 14 60 6 33 49 39 63 56 43 18 15 83 31 1 94 54 20 27 53 59 91 45 22 86 76 13 62 11 41 35 30 7 52 82 51 93 66 50 84 36 23 17 85 3 21 67 48
TEST 176 ARG:3 37 96 45 66 11 70 61 29 41 68 6 93 72 55 42 24 50 17 48 18 97 28 63 39 19 65 76 7 90 2 79 8 31 15 91 20 92 5 60 38 84 43 73 27 52 32 86 58 74 21 89 87 14 67 53 16 77 99 0 85 26 47 83 82 36 1 80 59 34 57 12 78 94 81 71 64 35 69 44 49 33 62 10 46 51 30 54 25 9 98 23 95 75 13 88 4 56 40 22
TEST 177 ARG:32 63 2 27 20 36 43 12 65 91 15 57 70 48 69 30 6 75 45 22 18 5 54 99 47 24 10 19 0 21 56 67 74 52 84 23 82 55 96 62 71 28 25 81 3 8 34 87 29 31 42 66 93 83 9 77 38 76 44 51 16 49 98 7 61 79 73 68 94 37 17 95 97 46 14 86 1 11 39 33 59 89 90 4 80 78 60 40 64 53 35 92 85 72 88 50 58 13 41 26
TEST 178 ARG:84 52 54 31 26 33 13 42 20 61 43 62 86 36 40 50 23 49 85 68 77 38 1 67 46 66 76 93 53 55 0 98 91 16 39 75 28 7 94 25 95 9 45 57 82 72 81 5 14 11 8 70 79 41 73 71 34 64 87 78 37 4 29 99 63 88 47 51 27 83 30 65 6 58 80 32 24 12 92 44 18 96 22 2 21 3 10 60 17 19 59 69 89 90 97 56 35 15 74 48
TEST 179 ARG:11 93 68 88 29 82 95 13 18 7 84 38 50 30 56 0 47 91 4 39 15 75 9 72 70 78 27 2 55 61 87 12 31 51 22 85 3 52 44 59 28 86 16 48 73 24 67 97 94 34 81 96 80 69 64 32 65 99 79 1 46 21 54 53 71 49 42 41 5 35 45 14 20 92 62 66 83 40 23 89 77 63 17 6 76 90 33 58 36 57 74 43 25 98 10 8 26 19 60 37
TEST 180 ARG:68 59 22 23 17 92 83 81 25 16 70 39 13 87 41 9 57 69 46 29 45 31 40 36 47 0 62 3 10 19 93 15 95 21 24 90 35 94 52 99 30 65 38 5 20 78 89 50 12 54 44 71 2 33 85 74 14 82 1 91 73 58 75 34 79 63 11 96 55 32 98 49 51 67 56 4 48 77 84 66 61 64 6 27 53 72 37 7 76 80 60 26 86 88 8 18 42 97 43 28
TEST 181 ARG:54 74 43 56 48 83 86 42 27 96 65 13 18 91 0 84 50 72 58 57 75 67 46 39 98 66 32 94 59 71 29 4 64 25 81 10 26 82 16 76 69 21 6 47 17 89 11 95 90 33 40 93 62 7 30 45 8 53 37 24 3 2 79 52 55 61 5 19 63 49 41 97 12 78 35 85 34 28 14 73 99 9 92 15 20 23 80 38 60 70 22 87 77 36 44 31 88 68 1 51
